[cam_0]
name = "cam1"
size = [ 1920, 1080,]
matrix = [ [ 813.2009333034523, 0.0, 959.5,], [ 0.0, 813.2009333034523, 539.5,], [ 0.0, 0.0, 1.0,],]
distortions = [ 1.32051965714618, 0.0, 0.0, 0.0, 0.0,]
rotation = [ 0.05687867923106895, -0.01463737683774402, 0.48450371749623333,]
translation = [ 136.5364484271192, 366.9807772436613, -4628.383150790585,]

[cam_1]
name = "cam2"
size = [ 1920, 1080,]
matrix = [ [ 83.72092421229875, 0.0, 959.5,], [ 0.0, 83.72092421229875, 539.5,], [ 0.0, 0.0, 1.0,],]
distortions = [ 0.6293269566590312, 0.0, 0.0, 0.0, 0.0,]
rotation = [ -0.10609972707950395, -0.9738593779554403, 0.11185995988820974,]
translation = [ 5236.98927315858, -176.60033961578384, -2610.8789092359325,]

[metadata]
